0.0274595 0.293907
0.0281291 0.35452
0.0281823 0.425189
0.031044 0.485922
0.0326981 0.556465
0.0366485 0.627141
0.0357259 0.687702
0.0332914 0.758425
0.0294786 0.829033
0.0301528 0.889655
0.0302574 0.960373
0.0327516 1.03103
0.0340133 1.09164
0.0340256 1.16226
0.0337347 1.22287
0.0397619 1.29357
0.0362936 1.35421
0.0352919 1.42491
0.0293102 1.48555
0.0301164 1.55622
0.027064 1.62673
0.0248732 1.68738
0.0274074 1.75791
0.0431429 1.82842
0.0630004 1.89895
0.0848864 1.95958
0.111188 2.03
0.14723 2.09046
0.17817 2.16102
0.202812 2.22162
0.215512 2.29222
0.232802 2.36279
0.251502 2.42333
0.271502 2.49399
0.299786 2.55454
0.329261 2.62518
0.356473 2.69582
0.377977 2.75656
0.406854 2.82729
0.429659 2.898
0.449971 2.95861
0.466692 3.02935
0.480353 3.08993
0.487767 3.16046
0.491206 3.23114
0.495856 3.29178
0.502252 3.3624
0.508376 3.42298
0.512651 3.49376
0.522028 3.56445
0.529795 3.625
0.530743 3.69581
0.534719 3.76643
0.535339 3.82699
0.539183 3.89771
0.542281 3.95828
0.535741 4.02891
0.533224 4.08957
0.53768 4.16016
0.5422 4.23079
0.541987 4.29126
0.553015 4.36195
0.563054 4.43256
0.565155 4.49311
0.55855 4.56379
0.557513 4.63447
0.553388 4.69506
0.551336 4.76568
0.544196 4.82618
0.542305 4.89674
0.545936 4.95727
0.537319 5.02788
0.537096 5.0984
0.528246 5.15886
0.511932 5.22935
0.491077 5.28986
0.472053 5.36045
0.444475 5.43109
0.412638 5.49168
0.364963 5.56241
0.313001 5.6332
0.255232 5.69376
0.198525 5.76439
0.13261 5.83495
0.0832737 5.89559
0.0387167 5.96632
0.000729772 6.02675
-0.0110319 6.09728
-0.0184624 6.1578
-0.0399135 6.2283
-0.0382134 6.2988
-0.0480614 6.35923
-0.0502294 6.42974
-0.0481611 6.50028
-0.0457977 6.56077
-0.0461398 6.63129
-0.0802448 6.70184
-0.0939937 6.76235
-0.113795 6.83295
-0.119166 6.89356
-0.120564 6.96429
-0.124677 7.03488
-0.133407 7.09542
-0.127338 7.16601
-0.115572 7.23667
-0.115045 7.29709
-0.124322 7.36764
-0.115278 7.42821
-0.116133 7.49879
-0.124253 7.56935
-0.12503 7.62986
-0.11967 7.70051
-0.113361 7.77125
-0.115959 7.83183
-0.118429 7.90256
-0.109321 7.9632
-0.108032 8.03406
-0.110822 8.09456
-0.122814 8.16514
-0.131034 8.2257
-0.130918 8.2963
-0.138836 8.36692
-0.144408 8.43756
-0.144303 8.49814
-0.146177 8.56882
-0.139589 8.63949
-0.13003 8.70006
-0.126201 8.77079
-0.126216 8.83137
-0.125868 8.90201
-0.133277 8.96255
-0.129243 9.03314
-0.130397 9.10393
-0.123224 9.16447
-0.132514 9.23505
-0.126843 9.29582
-0.130041 9.36659
-0.12887 9.43714
-0.13349 9.49777
-0.141655 9.56836
-0.133961 9.63899
-0.13101 9.69953
-0.130123 9.77018
-0.134482 9.8307
-0.131995 9.90141
-0.127266 9.96195
-0.130115 10.0326
-0.131193 10.1032
-0.126503 10.1637
-0.124853 10.2344
-0.126766 10.3051
-0.124071 10.3655
-0.130846 10.4361
-0.128112 10.5066
-0.13437 10.567
-0.13458 10.6377
-0.129865 10.6982
-0.134478 10.7688
-0.13558 10.8394
-0.142718 10.8999
-0.146525 10.9704
-0.13926 11.0309
-0.130612 11.1014
-0.137228 11.1721
-0.142378 11.2325
-0.13763 11.3031
-0.133806 11.3738
-0.140251 11.4343
-0.140157 11.5048
-0.143324 11.5753
-0.136561 11.6357
-0.1391 11.7062
-0.139397 11.7668
-0.143864 11.8374
-0.143917 11.9079
-0.151418 11.9684
-0.166673 12.0389
-0.171857 12.0994
