0.103892 0.303774
0.103303 0.374396
0.097517 0.43509
0.0928871 0.505846
0.0949317 0.56645
0.103805 0.636977
0.104373 0.697569
0.0995746 0.768299
0.104726 0.839166
0.0994122 0.899863
0.0920808 0.970426
0.0935905 1.04112
0.0986672 1.10185
0.108963 1.17254
0.110331 1.2432
0.105491 1.30378
0.106198 1.37447
0.107528 1.4352
0.108694 1.50576
0.101999 1.5764
0.0964923 1.63708
0.0942694 1.6976
0.0894059 1.76813
0.0899268 1.83882
0.0877632 1.89934
0.0910463 1.97009
0.0932667 2.04053
0.101519 2.10104
0.10145 2.17158
0.104366 2.24212
0.105302 2.30258
0.108868 2.37318
0.110811 2.43372
0.104661 2.50428
0.101347 2.57482
0.101236 2.63531
0.0971256 2.70588
0.102522 2.7663
0.105439 2.83683
0.100552 2.90742
0.10425 2.96786
0.10229 3.0384
0.100289 3.10893
0.0994183 3.16938
0.0985615 3.24001
0.0987356 3.31063
0.0969049 3.38134
0.0992427 3.44173
0.102701 3.51279
0.106186 3.58343
0.107294 3.64416
0.10217 3.70456
0.0956423 3.77505
0.0922833 3.8356
0.0942508 3.90622
0.0911867 3.98726
0.0933794 4.04795
0.0944953 4.11869
0.0957839 4.17934
0.0920669 4.23964
0.0847428 4.31028
0.080494 4.37086
0.0867663 4.44162
0.0857931 4.50223
0.0838439 4.57283
0.0841426 4.64357
0.0747299 4.70396
0.0694563 4.77451
0.0687897 4.84508
0.074466 4.90564
0.0794281 4.97632
0.0837114 5.04684
0.0865663 5.10744
0.0838189 5.17805
0.0880051 5.23855
0.0897205 5.30917
0.0867978 5.3697
0.0848585 5.4403
0.0919181 5.50085
0.0871614 5.57153
0.0842339 5.64205
0.0915661 5.70252
0.0977036 5.77305
0.0932668 5.84361
0.0786192 5.91411
0.0709229 5.97447
0.0668542 6.04512
0.0700404 6.10557
0.0734574 6.1761
0.0717516 6.24665
0.0694375 6.30712
0.0702084 6.37785
0.0718404 6.44848
0.0747891 6.50899
0.0767356 6.58008
0.0824187 6.65081
0.0838527 6.71122
0.0789049 6.7716
0.0790652 6.8423
0.0796371 6.91281
0.0811342 6.9735
0.0772716 7.04409
0.07407 7.11471
0.077649 7.17542
0.0776802 7.2461
0.0795793 7.30688
0.0755252 7.3774
0.076365 7.43802
0.0737509 7.50862
0.0767104 7.57928
0.0769947 7.63998
0.0751303 7.71079
0.0734508 7.78152
0.0823607 7.84216
0.0815086 7.91296
0.076357 7.98379
0.0817061 8.04437
0.0819189 8.11499
0.0828361 8.17561
0.0790194 8.24631
0.0783372 8.317
0.0768348 8.37756
0.0807747 8.43816
0.081721 8.50869
0.0824481 8.5793
0.0764079 8.65002
0.0756379 8.71065
0.0772304 8.78135
0.0689224 8.84203
0.0755549 8.91274
0.0776307 8.98349
0.0862782 9.04393
0.0868809 9.11461
0.0836941 9.17523
0.0739909 9.24596
0.0763708 9.31686
0.0800773 9.3881
0.0796178 9.45905
0.080702 9.51976
0.089196 9.59051
0.0892768 9.65158
0.0886579 9.71218
0.0819845 9.78315
0.0757538 9.85403
0.0811265 9.91478
0.0796738 9.98594
0.0777745 10.0568
0.0764004 10.1175
0.0775615 10.1885
0.0843525 10.2595
0.0853802 10.3202
0.0784028 10.3913
0.0771332 10.452
0.0762303 10.5125
0.075126 10.5831
0.0714668 10.6541
0.0702615 10.7147
0.0761243 10.7752
0.0786709 10.8457
0.0786337 10.9164
0.0764082 10.9876
0.073447 11.0587
0.0750258 11.1194
0.0773258 11.1799
0.0736381 11.2506
0.068189 11.3113
0.0681696 11.382
0.0693904 11.4532
0.0728672 11.5241
0.0715433 11.5949
0.0688105 11.6556
0.0659134 11.7164
0.0701525 11.7874
0.0746371 11.848
0.0747032 11.9187
0.0753979 11.9793
0.0755543 12.05
0.0774014 12.1207
0.0774454 12.1813
0.077354 12.252
0.0752273 12.3231
0.0752724 12.3837
0.0785673 12.4548
0.0777348 12.5154
0.075056 12.5863
0.0689933 12.6571
0.0642705 12.7175
0.0695597 12.778
0.077131 12.8489
0.0822697 12.9094
0.0871262 12.98
0.087031 13.0506
0.0840416 13.1112
0.0857142 13.1818
0.0871781 13.2524
0.0841892 13.3131
0.0794559 13.3837
0.0795558 13.4545
0.0740338 13.515
0.072438 13.5856
