0.273244 0.30343
0.270536 0.36408
0.274647 0.434788
0.274513 0.505335
0.277639 0.565906
0.2751 0.636517
0.274836 0.707111
0.274993 0.767604
0.274161 0.83817
0.275325 0.908758
0.27384 0.969386
0.275321 1.04005
0.270319 1.1008
0.275769 1.17165
0.271768 1.23225
0.279319 1.30288
0.27596 1.37355
0.278954 1.43409
0.274301 1.50486
0.277158 1.57543
0.270002 1.63604
0.270766 1.70663
0.268939 1.7773
0.272083 1.83788
0.2751 1.90845
0.28083 1.969
0.275485 2.03964
0.276852 2.10028
0.276415 2.17087
0.277149 2.24148
0.276078 2.30205
0.272626 2.37261
0.271305 2.44315
0.278824 2.50382
0.278972 2.57453
0.276741 2.64512
0.273963 2.70576
0.272542 2.77638
0.267376 2.83695
0.27184 2.90749
0.266471 2.96814
0.260324 3.03861
0.264245 3.10923
0.266445 3.16973
0.273975 3.24052
0.270825 3.30101
0.269977 3.37168
0.270864 3.44235
0.270894 3.513
0.274594 3.57351
0.267995 3.64405
0.267933 3.70466
0.27029 3.77517
0.269447 3.83572
0.27189 3.90651
0.26807 3.97708
0.268189 4.03766
0.264479 4.10825
0.261843 4.16877
0.270014 4.23946
0.266843 4.30997
0.26579 4.37062
0.265777 4.44143
0.267876 4.5121
0.269794 4.57269
0.269515 4.64341
0.261062 4.70406
0.266876 4.77472
0.265404 4.84518
0.265821 4.90594
0.26995 4.97664
0.265598 5.0372
0.265639 5.10787
0.268361 5.17858
0.26682 5.23907
0.271344 5.30965
0.272088 5.38035
0.269081 5.44095
0.273413 5.51154
0.270124 5.57212
0.276087 5.64288
0.27618 5.71361
0.270427 5.7743
0.269905 5.84488
0.265658 5.90542
0.267714 5.97618
0.265405 6.04674
0.271359 6.10728
0.269939 6.17802
0.274925 6.24867
0.278164 6.30916
0.274611 6.37982
0.272088 6.4403
0.275546 6.51082
0.269145 6.58157
0.264489 6.64218
0.259177 6.7128
0.258513 6.77331
0.262004 6.84395
0.263919 6.90456
0.260845 6.9752
0.260286 7.04587
0.255719 7.10652
0.258478 7.17717
0.254687 7.24785
0.26128 7.3085
0.259456 7.37923
0.261056 7.43984
0.262943 7.51046
0.262823 7.58103
0.262366 7.64164
0.261531 7.71234
0.263481 7.7728
0.269088 7.84347
0.259359 7.91414
0.260708 7.97462
0.261408 8.04509
0.263977 8.11581
0.265776 8.17623
0.26267 8.24669
0.263339 8.31722
0.265919 8.37761
0.259611 8.44805
0.257394 8.50855
0.259399 8.57898
0.257602 8.63957
0.259304 8.71031
0.255365 8.78084
0.258129 8.84136
0.257743 8.91186
0.258149 8.98248
0.25713 9.04293
0.258452 9.11352
0.265608 9.18414
0.261689 9.24466
0.260893 9.31528
0.259366 9.38613
0.260932 9.44686
0.26667 9.51732
0.266094 9.57793
0.264495 9.64866
0.267051 9.7093
0.270345 9.78001
0.274672 9.84067
0.268418 9.91133
0.264664 9.98214
0.262981 10.0527
0.263304 10.1134
0.26574 10.184
0.269408 10.2447
0.263074 10.3154
0.261458 10.3861
0.274475 10.4467
0.265305 10.5174
0.267827 10.6489
0.261634 10.7096
0.257936 10.7802
0.260459 10.8509
0.2684 10.9116
0.265496 10.9821
0.266818 11.0528
0.265869 11.1133
0.267728 11.1839
0.277347 11.2445
0.267878 11.3152
0.267633 11.3758
0.262888 11.4464
0.261173 11.5169
0.261321 11.5775
0.266887 11.6482
0.263654 11.7188
0.265031 11.7794
0.262982 11.8501
0.261204 11.9208
0.265078 11.9813
0.261737 12.052
0.269024 12.1127
0.265525 12.1834
0.261802 12.2439
0.263218 12.3146
0.261668 12.3854
0.260616 12.4458
0.257639 12.5163
0.257452 12.5767
0.25566 12.6472
0.259428 12.7178
0.261539 12.7883
0.257202 12.8487
0.262299 12.9192
0.264745 12.9797
0.260374 13.0501
0.258262 13.1207
0.267519 13.1813
0.265262 13.2519
0.261742 13.3125
0.27051 13.3831
0.263626 13.4538
0.261768 13.5143
0.268352 13.5851
0.261647 13.6457
0.259797 13.7163
0.259853 13.7872
0.261647 13.8479
0.258179 13.9186
0.258067 13.9893
0.261742 14.0498
0.26797 14.1203
0.266699 14.1809
0.268329 14.2515
0.264621 14.3121
0.263925 14.3828
0.265871 14.4535
0.268104 14.514
0.265593 14.5848
0.266106 14.6554
0.266817 14.716
0.267698 14.7867
0.265593 14.8572
0.257538 14.9179
0.259662 14.9886
0.258709 15.049
0.262613 15.1198
0.26188 15.1803
0.264046 15.251
0.271587 15.3218
0.269617 15.3825
0.268966 15.4532
0.272617 15.5238
0.268317 15.5845
0.264281 15.655
0.268341 15.7156
0.263058 15.7862
0.26407 15.8568
0.261478 15.9174
0.259958 15.988
0.264196 16.0485
0.26429 16.1192
0.265199 16.1797
0.262737 16.25
0.260245 16.3205
0.261789 16.381
0.263488 16.4516
0.262207 16.5222
0.264152 16.5928
0.260605 16.6533
0.263006 16.7239
0.262345 16.7846
0.264211 16.8551
0.25987 16.9157
0.264241 16.9863
0.262943 17.057
0.256991 17.1177
0.261933 17.1881
0.260743 17.2487
