0.463132 0.298682
0.459211 0.369191
0.454 0.439706
0.440419 0.50019
0.427928 0.570679
0.41564 0.641237
0.410997 0.701713
0.404529 0.772229
0.400072 0.832696
0.390927 0.90322
0.398154 0.963715
0.414566 1.03422
0.434848 1.10474
0.44397 1.16524
0.453153 1.23577
0.456087 1.30632
0.465996 1.36675
0.469762 1.43728
0.461936 1.50785
0.453772 1.56831
0.451941 1.63887
0.446244 1.69936
0.453285 1.76998
0.458063 1.84056
0.460454 1.90102
0.462616 1.97156
0.465381 2.03208
0.457111 2.10253
0.457943 2.17299
0.461436 2.23344
0.458569 2.30397
0.453978 2.36449
0.451884 2.43507
0.447142 2.50555
0.444725 2.56599
0.440288 2.63651
0.439836 2.70699
0.446758 2.76751
0.451378 2.83799
0.468415 2.90853
0.472335 2.9691
0.464717 3.0397
0.465712 3.10015
0.467833 3.17066
0.466193 3.24116
0.472716 3.30154
0.464828 3.37198
0.460882 3.43237
0.462601 3.50284
0.465456 3.57331
0.472732 3.63375
0.461209 3.70429
0.456464 3.77473
0.454543 3.83512
0.451672 3.90555
0.439247 3.97601
0.435492 4.03639
0.440495 4.10682
0.453273 4.17729
0.461544 4.23776
0.457147 4.30827
0.46146 4.36871
0.473313 4.43922
0.481799 4.49985
0.485317 4.57054
0.477766 4.6414
0.481737 4.70202
0.486916 4.77268
0.490312 4.84341
0.490281 4.90394
0.49623 4.9747
0.491347 5.04536
0.491714 5.10596
0.495048 5.17658
0.487944 5.23719
0.487869 5.30796
0.493208 5.36877
0.497229 5.43932
0.49575 5.50999
0.487848 5.57058
0.471539 5.64115
0.455177 5.71172
0.440416 5.77225
0.433132 5.84296
0.421725 5.91357
0.41824 5.97419
0.417491 6.04467
0.411281 6.1053
0.418006 6.17588
0.435049 6.23652
0.447758 6.30708
0.453299 6.36756
0.44906 6.43807
0.455301 6.50861
0.463753 6.57921
0.464767 6.63969
0.472107 6.71022
0.481139 6.78086
0.486228 6.84135
0.488819 6.91189
0.488937 6.97237
0.488637 7.04292
0.491332 7.10342
0.492848 7.17399
0.493474 7.24445
0.490645 7.30493
0.490375 7.37561
0.487898 7.43605
0.490372 7.50644
0.490414 7.57697
0.486183 7.63734
0.488873 7.7078
0.492964 7.77828
0.49103 7.83883
0.490295 7.9094
0.490169 7.9802
0.4929 8.05107
0.493992 8.11167
0.498542 8.1822
0.494077 8.24255
0.495103 8.31298
0.499314 8.37337
0.500862 8.44383
0.496392 8.50421
0.480208 8.57475
0.473487 8.64535
0.464606 8.7059
0.452541 8.77646
0.439173 8.84695
0.427252 8.9074
0.416393 8.97796
0.401898 9.04846
0.406517 9.10887
0.421992 9.17938
0.432016 9.23982
0.446813 9.31033
0.459626 9.38085
0.46232 9.44129
0.467311 9.51179
0.474176 9.58243
0.477768 9.64281
0.48287 9.71324
0.48309 9.77363
0.487038 9.84408
0.490578 9.9145
0.491947 9.97491
0.494535 10.0454
0.497355 10.1159
0.491948 10.1764
0.478926 10.247
0.470077 10.3075
0.456999 10.378
0.449486 10.4485
0.436422 10.509
0.430895 10.5796
0.422056 10.6401
0.415285 10.7107
0.405557 10.7814
0.396553 10.8421
0.39741 10.9128
0.410997 10.9834
0.433238 11.044
0.448985 11.1145
0.452926 11.185
0.459911 11.2456
0.461886 11.3162
0.470131 11.3767
0.471595 11.4474
0.47606 11.5181
0.479992 11.5786
0.48386 11.6493
0.488297 11.7098
0.49472 11.7803
0.498355 11.851
0.49554 11.9114
0.497164 11.982
0.501975 12.0525
0.507955 12.1129
0.511304 12.1833
0.513448 12.2437
0.514243 12.3142
0.515432 12.3847
0.51513 12.4452
0.510689 12.5159
0.511571 12.5763
0.50815 12.6469
0.506393 12.7074
0.500184 12.7779
0.489002 12.8483
0.487165 12.9087
0.484539 12.9792
0.493128 13.0498
0.49686 13.1103
0.498367 13.1809
0.498597 13.2514
0.503289 13.3118
0.510654 13.3823
0.512925 13.4528
0.506652 13.5132
0.49872 13.5838
0.495534 13.6442
0.499635 13.7149
0.500536 13.7855
0.508335 13.846
0.50599 13.9165
0.505184 13.977
0.49788 14.0476
