0.122902 0.230482
0.126183 0.301049
0.118722 0.361544
0.118691 0.4322
0.115265 0.502741
0.109473 0.563248
0.107867 0.633818
0.106388 0.704372
0.104161 0.764814
0.1036 0.835371
0.0983965 0.895779
0.0983662 0.966375
0.102667 1.03686
0.107966 1.09728
0.102156 1.16783
0.104895 1.22835
0.109463 1.299
0.109881 1.36958
0.11007 1.43003
0.107963 1.50054
0.109408 1.57108
0.108662 1.63158
0.106565 1.7021
0.10374 1.77257
0.109533 1.833
0.112075 1.90355
0.112166 1.96403
0.110061 2.03449
0.114007 2.0949
0.107917 2.16533
0.110451 2.23577
0.109776 2.29618
0.103498 2.36665
0.100757 2.42715
0.0953708 2.49769
0.0921151 2.56818
0.09221 2.63875
0.0916264 2.69931
0.093587 2.76986
0.0958212 2.84046
0.0906215 2.90095
0.0950442 2.97156
0.0986094 3.04219
0.0999133 3.10257
0.0959943 3.17304
0.0935655 3.23358
0.0921808 3.30415
0.0927067 3.36466
0.0937844 3.43515
0.0896109 3.49557
0.0905191 3.56608
0.0898265 3.63652
0.100562 3.69693
0.104513 3.76738
0.104779 3.83781
0.10587 3.90828
0.111774 3.96875
0.109403 4.03917
0.104005 4.09967
0.108613 4.17021
0.104718 4.24076
0.113833 4.30134
0.108123 4.3719
0.10109 4.43242
0.0933674 4.50297
0.0976749 4.57364
0.104576 4.63406
0.103737 4.70459
0.111152 4.76517
0.113267 4.8357
0.121451 4.90636
0.128315 4.96685
0.12816 5.03742
0.130408 5.10843
0.122928 5.17929
0.122604 5.2402
0.127643 5.31122
0.120436 5.37189
0.118577 5.4427
0.125282 5.50332
0.129214 5.57414
0.120314 5.63464
0.114777 5.70534
0.106184 5.77579
0.103155 5.83623
0.0997144 5.90666
0.0944808 5.97729
0.0914193 6.03767
0.0957236 6.10823
0.0920143 6.17894
0.0903157 6.24957
0.0898475 6.31015
0.0940619 6.38097
0.0956115 6.44152
0.0915381 6.50195
0.0994432 6.57269
0.103791 6.64322
0.107661 6.70368
0.115219 6.77422
0.115077 6.84481
0.117124 6.90528
0.113644 6.97581
0.113544 7.03626
0.113424 7.10685
0.118182 7.1674
0.111916 7.238
0.112176 7.30855
0.112312 7.36908
0.109092 7.43985
0.109701 7.51043
0.104017 7.57082
0.100886 7.64133
0.0986079 7.70172
0.10011 7.77227
0.0871417 7.84314
0.0771866 7.91394
0.077786 7.97431
0.0805982 8.045
0.0863537 8.11568
0.0889257 8.17635
0.0872515 8.24692
0.0903764 8.31775
0.0975983 8.3786
0.101546 8.44933
0.103421 8.52027
0.104488 8.58106
0.0995063 8.64163
0.106023 8.71221
0.112297 8.77268
0.114168 8.84335
0.112269 8.90401
0.114017 8.97462
0.111725 9.03533
0.114864 9.10628
0.114625 9.17709
0.11955 9.23765
0.122234 9.30827
0.124214 9.37901
0.128285 9.4397
0.13125 9.51037
0.137974 9.58103
0.135745 9.64163
0.134905 9.71238
0.130714 9.77293
0.130911 9.84364
0.128049 9.90422
0.127157 9.97506
0.12933 10.0355
0.1308 10.1061
0.132675 10.1767
0.13052 10.2473
0.134548 10.3077
0.128129 10.3782
0.125905 10.4487
0.124977 10.5092
0.123408 10.5798
0.121262 10.6404
0.121431 10.7113
0.124537 10.7717
0.124106 10.8424
0.124767 10.9132
0.121776 10.9738
0.115481 11.0442
0.106305 11.1048
0.106338 11.1755
0.113875 11.2462
0.115708 11.3068
0.11836 11.3776
0.111457 11.4482
0.111113 11.5087
0.114498 11.5793
0.122986 11.65
