0.245008 0.278151
0.248106 0.338668
0.248053 0.409312
0.251507 0.470024
0.245048 0.5408
0.250278 0.601398
0.260403 0.672
0.258713 0.742783
0.254318 0.803353
0.251521 0.874128
0.251906 0.94469
0.255655 1.01547
0.250704 1.07593
0.248383 1.14665
0.253719 1.20718
0.25802 1.27775
0.255966 1.33825
0.248551 1.40874
0.249843 1.4692
0.251473 1.53969
0.253761 1.61022
0.253513 1.67074
0.254344 1.74121
0.254831 1.80173
0.24674 1.87224
0.249679 1.94278
0.252051 2.00331
0.256937 2.07393
0.256647 2.14444
0.259891 2.21488
0.253486 2.27527
0.255158 2.34571
0.258993 2.40609
0.265156 2.47661
0.265527 2.54719
0.265025 2.6076
0.264223 2.67811
0.258584 2.73854
0.254369 2.81946
0.257232 2.88005
0.257471 2.9508
0.252107 3.01127
0.248331 3.07177
0.252039 3.14233
0.245946 3.21282
0.24781 3.28349
0.250087 3.34383
0.254013 3.4144
0.261061 3.4748
0.249907 3.54529
0.258827 3.60578
0.258611 3.67636
0.259289 3.74695
0.252766 3.80736
0.259835 3.87791
0.263652 3.93842
0.260808 4.00893
0.26299 4.07949
0.269657 4.13996
0.260356 4.21049
0.257084 4.28099
0.251919 4.34142
0.259848 4.41202
0.261082 4.48247
0.258378 4.54298
0.261376 4.61359
0.257825 4.67405
0.255491 4.74457
0.260959 4.80504
0.261837 4.87556
0.266487 4.94614
0.264328 5.00653
0.265554 5.07703
0.261581 5.14749
0.255241 5.21814
0.254585 5.27864
0.255452 5.34955
0.26158 5.41022
0.2627 5.48094
0.263524 5.54147
0.264156 5.61205
0.267634 5.68258
0.262895 5.74304
0.26044 5.81359
0.2645 5.88425
0.258615 5.94463
0.263093 6.00507
0.265565 6.07547
0.261338 6.14601
0.265919 6.2168
0.259396 6.27737
0.260265 6.34792
0.261337 6.4184
0.262913 6.47879
0.262977 6.54924
0.269327 6.60967
0.269635 6.68007
0.264563 6.75058
0.261879 6.81094
0.256711 6.88141
0.257985 6.9418
0.257665 7.01225
0.270979 7.08281
0.274233 7.1536
0.273976 7.21398
0.26964 7.28454
0.263692 7.34517
0.26481 7.41566
0.265857 7.48624
0.264545 7.54673
0.269862 7.6173
0.265401 7.67781
0.263955 7.74832
0.266312 7.81887
0.267302 7.87931
0.26645 7.94996
0.261876 8.01031
0.269451 8.08077
0.264384 8.14117
0.266476 8.2116
0.268895 8.28206
0.273157 8.34248
0.268828 8.41297
0.263641 8.48348
0.265484 8.54391
0.265926 8.61443
0.269735 8.68499
0.273795 8.74542
0.273941 8.81588
0.275614 8.88641
0.276209 8.94691
0.271183 9.01755
0.270863 9.08817
0.2641 9.14856
0.261985 9.20896
0.26362 9.27939
0.265058 9.34982
0.258683 9.41021
0.258911 9.48071
0.255656 9.55124
0.260423 9.61177
0.262258 9.68249
0.25752 9.75331
0.273381 9.81398
0.260058 9.88444
0.261222 9.95503
0.259179 10.0155
0.26298 10.0861
0.254986 10.1466
0.256132 10.2172
0.262769 10.2776
0.264466 10.3482
0.26411 10.4187
0.260152 10.4792
0.259807 10.5497
0.258692 10.6203
0.253607 10.6808
0.254655 10.7514
0.259649 10.822
0.256756 10.8825
0.254496 10.9532
0.254699 11.0239
0.259065 11.0949
0.260652 11.1555
0.259319 11.2161
0.271309 11.2867
0.267133 11.3475
0.258932 11.4181
0.263064 11.4886
