-4.68067e-05 0.293907
-4.66748e-05 0.35452
-4.65929e-05 0.425189
-4.6804e-05 0.485922
-4.67359e-05 0.556465
-4.66399e-05 0.627141
-4.66622e-05 0.687702
-4.65738e-05 0.758425
-4.66931e-05 0.829033
-4.65978e-05 0.889655
-4.6604e-05 0.960373
-4.67276e-05 1.03103
-4.66433e-05 1.09164
-4.66785e-05 1.16226
-0.000136074 1.22287
-0.000723266 1.29357
-0.000544301 1.35421
0.000219358 1.42491
0.00147082 1.48555
0.00338972 1.55622
0.00602578 1.62673
0.0088782 1.68738
0.0128605 1.75791
0.0169358 1.82842
0.0211265 1.89895
0.0238301 1.95958
0.0273025 2.03
0.0292407 2.09046
0.0305675 2.16102
0.0319242 2.22162
0.0338532 2.29222
0.0362097 2.36279
0.0388334 2.42333
0.0423104 2.49399
0.043454 2.55454
0.0505129 2.62518
0.0559666 2.69582
0.0609361 2.75656
0.0676311 2.82729
0.0750929 2.898
0.0818066 2.95861
0.0900473 3.02935
0.0985072 3.08993
0.108485 3.16046
0.119363 3.23114
0.129506 3.29178
0.141723 3.3624
0.153246 3.42298
0.165946 3.49376
0.181111 3.56445
0.194298 3.625
0.21025 3.69581
0.226172 3.76643
0.240132 3.82699
0.255735 3.89771
0.267841 3.95828
0.28446 4.02891
0.297927 4.08957
0.312568 4.16016
0.328044 4.23079
0.340859 4.29126
0.355484 4.36195
0.369228 4.43256
0.381953 4.49311
0.395686 4.56379
0.409528 4.63447
0.421732 4.69506
0.435487 4.76568
0.44639 4.82618
0.458416 4.89674
0.468555 4.95727
0.47939 5.02788
0.489053 5.0984
0.497139 5.15886
0.505712 5.22935
0.512429 5.28986
0.519862 5.36045
0.52644 5.43109
0.531645 5.49168
0.537296 5.56241
0.542031 5.6332
0.545668 5.69376
0.549734 5.76439
0.553098 5.83495
0.555337 5.89559
0.558155 5.96632
0.560238 6.02675
0.562189 6.09728
0.563878 6.1578
0.565345 6.2283
0.566311 6.2988
0.567048 6.35923
0.567513 6.42974
0.567384 6.50028
0.567017 6.56077
0.566066 6.63129
0.564573 6.70184
0.56278 6.76235
0.560132 6.83295
0.557577 6.89356
0.554114 6.96429
0.550525 7.03488
0.547056 7.09542
0.542273 7.16601
0.537056 7.23667
0.532057 7.29709
0.525691 7.36764
0.519646 7.42821
0.512138 7.49879
0.503884 7.56935
0.49618 7.62986
0.486754 7.70051
0.476734 7.77125
0.467457 7.83183
0.455678 7.90256
0.445413 7.9632
0.432459 8.03406
0.42098 8.09456
0.40839 8.16514
0.396408 8.2257
0.382705 8.2963
0.36905 8.36692
0.355093 8.43756
0.343174 8.49814
0.328525 8.56882
0.314369 8.63949
0.303132 8.70006
0.287645 8.77079
0.274856 8.83137
0.259817 8.90201
0.24682 8.96255
0.231864 9.03314
0.216567 9.10393
0.203481 9.16447
0.187918 9.23505
0.174737 9.29582
0.159107 9.36659
0.143429 9.43714
0.129913 9.49777
0.114355 9.56836
0.0988963 9.63899
0.0855106 9.69953
0.0700866 9.77018
0.0569819 9.8307
0.0421364 9.90141
0.0296048 9.96195
0.0148286 10.0326
0.00137527 10.1032
-0.0106091 10.1637
-0.0231543 10.2344
-0.0356482 10.3051
-0.0457158 10.3655
-0.0569477 10.4361
-0.0672169 10.5066
-0.0757042 10.567
-0.0845529 10.6377
-0.0911521 10.6982
-0.0988867 10.7688
-0.105583 10.8394
-0.110953 10.8999
-0.116285 10.9704
-0.120147 11.0309
-0.124973 11.1014
-0.129539 11.1721
-0.133056 11.2325
-0.136262 11.3031
-0.138846 11.3738
-0.140553 11.4343
-0.141973 11.5048
-0.142617 11.5753
-0.142605 11.6357
-0.142134 11.7062
-0.141502 11.7668
-0.140919 11.8374
-0.140054 11.9079
-0.139382 11.9684
-0.138596 12.0389
-0.138456 12.0994
