0.10703 0.303774
0.105852 0.374396
0.105065 0.43509
0.104582 0.505846
0.104336 0.56645
0.103724 0.636977
0.102625 0.697569
0.100807 0.768299
0.0991358 0.839166
0.0980804 0.899863
0.0974883 0.970426
0.0974937 1.04112
0.0981024 1.10185
0.0992483 1.17254
0.100339 1.2432
0.100787 1.30378
0.100365 1.37447
0.0999381 1.4352
0.100026 1.50576
0.100928 1.5764
0.102181 1.63708
0.103712 1.6976
0.10593 1.76813
0.107916 1.83882
0.109034 1.89934
0.109808 1.97009
0.110054 2.04053
0.109763 2.10104
0.108782 2.17158
0.107044 2.24212
0.105049 2.30258
0.102034 2.37318
0.099269 2.43372
0.0964033 2.50428
0.0940768 2.57482
0.0925974 2.63531
0.0915284 2.70588
0.0912734 2.7663
0.0917838 2.83683
0.0929113 2.90742
0.0941209 2.96786
0.0960207 3.0384
0.0984845 3.10893
0.100685 3.16938
0.103142 3.24001
0.104725 3.31063
0.105787 3.38134
0.10614 3.44173
0.105988 3.51279
0.1051 3.58343
0.104108 3.64416
0.103037 3.70456
0.101682 3.77505
0.100616 3.8356
0.100141 3.90622
0.100746 3.98726
0.101616 4.04795
0.102195 4.11869
0.102251 4.17934
0.101901 4.23964
0.10097 4.31028
0.0996412 4.37086
0.0977262 4.44162
0.0960236 4.50223
0.0940849 4.57283
0.0924697 4.64357
0.0914824 4.70396
0.0909552 4.77451
0.0906403 4.84508
0.0900431 4.90564
0.0890271 4.97632
0.0877546 5.04684
0.0861435 5.10744
0.0834166 5.17805
0.0804702 5.23855
0.0773146 5.30917
0.0750942 5.3697
0.0730815 5.4403
0.0718125 5.50085
0.0709775 5.57153
0.070681 5.64205
0.070982 5.70252
0.0719534 5.77305
0.0737397 5.84361
0.0761176 5.91411
0.0786812 5.97447
0.0820957 6.04512
0.0847631 6.10557
0.0881047 6.1761
0.0911425 6.24665
0.0930789 6.30712
0.0947551 6.37785
0.0959268 6.44848
0.0963617 6.50899
0.096112 6.58008
0.0950658 6.65081
0.0936745 6.71122
0.0916748 6.7716
0.0888359 6.8423
0.0861295 6.91281
0.0843225 6.9735
0.0829212 7.04409
0.0820647 7.11471
0.0817011 7.17542
0.081349 7.2461
0.0807737 7.30688
0.0799708 7.3774
0.0794085 7.43802
0.0793283 7.50862
0.0795429 7.57928
0.0796364 7.63998
0.0789712 7.71079
0.0776563 7.78152
0.0760838 7.84216
0.074361 7.91296
0.0730812 7.98379
0.0723897 8.04437
0.072197 8.11499
0.0725587 8.17561
0.0736264 8.24631
0.0753945 8.317
0.0772143 8.37756
0.0791119 8.43816
0.0808463 8.50869
0.0818584 8.5793
0.0820389 8.65002
0.0820186 8.71065
0.0820542 8.78135
0.0822442 8.84203
0.0817561 8.91274
0.0808373 8.98349
0.079766 9.04393
0.0782087 9.11461
0.0768238 9.17523
0.0750161 9.24596
0.0739963 9.31686
0.0738039 9.3881
0.0743239 9.45905
0.0745802 9.51976
0.0746526 9.59051
0.0748763 9.65158
0.0756741 9.71218
0.0770068 9.78315
0.0785881 9.85403
0.0804628 9.91478
0.0830437 9.98594
0.0858557 10.0568
0.0877072 10.1175
0.0891855 10.1885
0.090063 10.2595
0.0902947 10.3202
0.0899245 10.3913
0.0888489 10.452
0.0876312 10.5125
0.0864058 10.5831
0.0856864 10.6541
0.0846341 10.7147
0.0830999 10.7752
0.0806674 10.8457
0.0777601 10.9164
0.0748849 10.9876
0.0721968 11.0587
0.0704234 11.1194
0.0693208 11.1799
0.0684551 11.2506
0.0682903 11.3113
0.0687679 11.382
0.0699523 11.4532
0.0709 11.5241
0.0712893 11.5949
0.0710419 11.6556
0.0709047 11.7164
0.071291 11.7874
0.0720482 11.848
0.0725964 11.9187
0.072489 11.9793
0.0715426 12.05
0.070698 12.1207
0.0703979 12.1813
0.0706554 12.252
0.0715351 12.3231
0.0728214 12.3837
0.0748082 12.4548
0.0763835 12.5154
0.0776652 12.5863
0.0779853 12.6571
0.0779239 12.7175
0.0778924 12.778
0.0781652 12.8489
0.0780906 12.9094
0.0770146 12.98
0.0749749 13.0506
0.0733413 13.1112
0.0718722 13.1818
0.0710964 13.2524
0.0709275 13.3131
0.071433 13.3837
0.0727197 13.4545
0.0742228 13.515
0.0760798 13.5856
