0.507893 0.30343
0.507182 0.36408
0.505903 0.434788
0.505647 0.505335
0.506287 0.565906
0.506977 0.636517
0.507109 0.707111
0.506349 0.767604
0.505134 0.83817
0.504571 0.908758
0.504473 0.969386
0.504588 1.04005
0.504898 1.1008
0.505344 1.17165
0.505703 1.23225
0.505718 1.30288
0.505193 1.37355
0.504046 1.43409
0.50389 1.50486
0.505254 1.57543
0.507265 1.63604
0.50883 1.70663
0.508697 1.7773
0.506845 1.83788
0.504733 1.90845
0.504182 1.969
0.504513 2.03964
0.504549 2.10028
0.505098 2.17087
0.506395 2.24148
0.506633 2.30205
0.506719 2.37261
0.506909 2.44315
0.50676 2.50382
0.506044 2.57453
0.504444 2.64512
0.503219 2.70576
0.501424 2.77638
0.499922 2.83695
0.499133 2.90749
0.499155 2.96814
0.499322 3.03861
0.499514 3.10923
0.499997 3.16973
0.500172 3.24052
0.499531 3.30101
0.498046 3.37168
0.496698 3.44235
0.495813 3.513
0.496368 3.57351
0.497991 3.64405
0.499097 3.70466
0.49954 3.77517
0.499463 3.83572
0.499528 3.90651
0.499631 3.97708
0.500059 4.03766
0.500828 4.10825
0.50155 4.16877
0.502928 4.23946
0.503356 4.30997
0.50301 4.37062
0.501683 4.44143
0.49858 4.5121
0.496399 4.57269
0.495341 4.64341
0.496153 4.70406
0.497314 4.77472
0.497916 4.84518
0.49716 4.90594
0.495954 4.97664
0.495717 5.0372
0.496912 5.10787
0.498177 5.17858
0.498615 5.23907
0.49871 5.30965
0.498319 5.38035
0.497166 5.44095
0.495099 5.51154
0.493743 5.57212
0.493053 5.64288
0.492897 5.71361
0.493108 5.7743
0.494226 5.84488
0.495953 5.90542
0.498488 5.97618
0.501465 6.04674
0.504128 6.10728
0.506653 6.17802
0.507792 6.24867
0.507182 6.30916
0.506187 6.37982
0.505752 6.4403
0.505578 6.51082
0.506043 6.58157
0.506825 6.64218
0.508119 6.7128
0.508764 6.77331
0.508809 6.84395
0.509007 6.90456
0.508773 6.9752
0.507412 7.04587
0.506013 7.10652
0.504157 7.17717
0.502365 7.24785
0.500077 7.3085
0.496879 7.37923
0.494677 7.43984
0.493125 7.51046
0.492165 7.58103
0.491776 7.64164
0.491487 7.71234
0.491612 7.7728
0.492613 7.84347
0.494576 7.91414
0.496261 7.97462
0.497176 8.04509
0.497227 8.11581
0.496716 8.17623
0.495587 8.24669
0.493881 8.31722
0.492641 8.37761
0.4919 8.44805
0.491109 8.50855
0.489747 8.57898
0.48959 8.63957
0.490838 8.71031
0.493379 8.78084
0.494616 8.84136
0.49522 8.91186
0.494421 8.98248
0.493127 9.04293
0.491514 9.11352
0.48953 9.18414
0.488262 9.24466
0.487052 9.31528
0.485752 9.38613
0.485459 9.44686
0.486396 9.51732
0.488298 9.57793
0.49024 9.64866
0.490862 9.7093
0.490205 9.78001
0.490109 9.84067
0.491219 9.91133
0.493094 9.98214
0.495561 10.0527
0.498405 10.1134
0.50254 10.184
0.505345 10.2447
0.507544 10.3154
0.509323 10.3861
0.510284 10.4467
0.510983 10.5174
0.510994 10.6489
0.510087 10.7096
0.50875 10.7802
0.507292 10.8509
0.505363 10.9116
0.502713 10.9821
0.500381 11.0528
0.498833 11.1133
0.496591 11.1839
0.494878 11.2445
0.493874 11.3152
0.49312 11.3758
0.492332 11.4464
0.492656 11.5169
0.493426 11.5775
0.494114 11.6482
0.494633 11.7188
0.494345 11.7794
0.493414 11.8501
0.493473 11.9208
0.494778 11.9813
0.497494 12.052
0.499367 12.1127
0.501082 12.1834
0.502401 12.2439
0.503188 12.3146
0.502462 12.3854
0.500515 12.4458
0.497921 12.5163
0.496601 12.5767
0.495756 12.6472
0.495007 12.7178
0.493528 12.7883
0.491933 12.8487
0.491066 12.9192
0.490716 12.9797
0.490735 13.0501
0.490496 13.1207
0.4902 13.1813
0.490449 13.2519
0.491231 13.3125
0.492896 13.3831
0.495449 13.4538
0.496931 13.5143
0.497367 13.5851
0.496574 13.6457
0.495969 13.7163
0.496166 13.7872
0.49918 13.8479
0.501583 13.9186
0.502894 13.9893
0.503583 14.0498
0.503805 14.1203
0.503292 14.1809
0.501182 14.2515
0.49891 14.3121
0.496703 14.3828
0.494365 14.4535
0.492849 14.514
0.491976 14.5848
0.492708 14.6554
0.49497 14.716
0.496644 14.7867
0.496643 14.8572
0.496672 14.9179
0.49696 14.9886
0.496868 15.049
0.495993 15.1198
0.494747 15.1803
0.492658 15.251
0.49067 15.3218
0.489787 15.3825
0.489261 15.4532
0.48923 15.5238
0.489859 15.5845
0.490592 15.655
0.491343 15.7156
0.492215 15.7862
0.495195 15.8568
0.497043 15.9174
0.49938 15.988
0.501603 16.0485
0.504029 16.1192
0.505268 16.1797
0.506547 16.25
0.508224 16.3205
0.508666 16.381
0.508114 16.4516
0.506962 16.5222
0.50506 16.5928
0.502553 16.6533
0.498985 16.7239
0.49651 16.7846
0.495031 16.8551
0.494746 16.9157
0.494325 16.9863
0.494196 17.057
0.494196 17.1177
0.494196 17.1881
0.494196 17.2487
