0.504963 0.30343
0.502454 0.36408
0.506258 0.434788
0.506134 0.505335
0.509007 0.565906
0.506675 0.636517
0.506432 0.707111
0.506576 0.767604
0.50581 0.83817
0.506882 0.908758
0.505513 0.969386
0.506879 1.04005
0.502253 1.1008
0.507291 1.17165
0.503597 1.23225
0.510545 1.30288
0.507467 1.37355
0.510212 1.43409
0.505939 1.50486
0.508567 1.57543
0.501958 1.63604
0.502668 1.70663
0.50097 1.7773
0.503889 1.83788
0.506675 1.90845
0.511925 1.969
0.507029 2.03964
0.508285 2.10028
0.507884 2.17087
0.508558 2.24148
0.507575 2.30205
0.504391 2.37261
0.503168 2.44315
0.510093 2.50382
0.510228 2.57453
0.508184 2.64512
0.505626 2.70576
0.504314 2.77638
0.499511 2.83695
0.503663 2.90749
0.498665 2.96814
0.49288 3.03861
0.496578 3.10923
0.498641 3.16973
0.505638 3.24052
0.502723 3.30101
0.501935 3.37168
0.502759 3.44235
0.502786 3.513
0.506208 3.57351
0.50009 3.64405
0.500031 3.70466
0.502226 3.77517
0.501442 3.83572
0.50371 3.90651
0.500159 3.97708
0.50027 4.03766
0.496798 4.10825
0.494316 4.16877
0.501969 4.23946
0.499013 4.30997
0.498028 4.37062
0.498015 4.44143
0.499978 4.5121
0.501765 4.57269
0.501505 4.64341
0.493578 4.70406
0.499044 4.77472
0.497666 4.84518
0.498057 4.90594
0.50191 4.97664
0.497848 5.0372
0.497887 5.10787
0.50043 5.17858
0.498992 5.23907
0.503204 5.30965
0.503894 5.38035
0.501102 5.44095
0.505119 5.51154
0.502072 5.57212
0.507583 5.64288
0.507668 5.71361
0.502353 5.7743
0.501868 5.84488
0.497904 5.90542
0.499827 5.97618
0.497667 6.04674
0.503218 6.10728
0.501899 6.17802
0.506514 6.24867
0.509488 6.30916
0.506225 6.37982
0.503894 6.4403
0.507085 6.51082
0.501161 6.58157
0.496807 6.64218
0.491793 6.7128
0.491162 6.77331
0.494468 6.84395
0.496272 6.90456
0.493373 6.9752
0.492844 7.04587
0.488501 7.10652
0.491129 7.17717
0.487514 7.24785
0.493785 7.3085
0.492057 7.37923
0.493573 7.43984
0.495353 7.51046
0.49524 7.58103
0.49481 7.64164
0.494021 7.71234
0.49586 7.7728
0.501108 7.84347
0.491966 7.91414
0.493243 7.97462
0.493906 8.04509
0.496326 8.11581
0.498015 8.17623
0.495096 8.24669
0.495726 8.31722
0.498149 8.37761
0.492204 8.44805
0.490098 8.50855
0.492003 8.57898
0.490296 8.63957
0.491913 8.71031
0.488163 8.78084
0.490797 8.84136
0.490431 8.91186
0.490817 8.98248
0.489847 9.04293
0.491105 9.11352
0.497857 9.18414
0.49417 9.24466
0.493418 9.31528
0.491972 9.38613
0.493456 9.44686
0.498851 9.51732
0.498312 9.57793
0.496813 9.64866
0.499207 9.7093
0.502277 9.78001
0.50628 9.84067
0.500484 9.91133
0.496972 9.98214
0.495389 10.0527
0.495693 10.1134
0.497981 10.184
0.501406 10.2447
0.495476 10.3154
0.493952 10.3861
0.506099 10.4467
0.497573 10.5174
0.499932 10.6489
0.494118 10.7096
0.490615 10.7802
0.493008 10.8509
0.500467 10.9116
0.497752 10.9821
0.49899 11.0528
0.498102 11.1133
0.49984 11.1839
0.50874 11.2445
0.49998 11.3152
0.499752 11.3758
0.495302 11.4464
0.493683 11.5169
0.493823 11.5775
0.499055 11.6482
0.496023 11.7188
0.497316 11.7794
0.495389 11.8501
0.493712 11.9208
0.497361 11.9813
0.494216 12.052
0.501048 12.1127
0.497779 12.1834
0.494277 12.2439
0.495612 12.3146
0.494151 12.3854
0.493156 12.4458
0.490332 12.5163
0.490154 12.5767
0.488445 12.6472
0.492031 12.7178
0.494029 12.7883
0.489915 12.8487
0.494746 12.9192
0.497048 12.9797
0.492927 13.0501
0.490924 13.1207
0.499645 13.1813
0.497533 13.2519
0.49422 13.3125
0.50243 13.3831
0.495997 13.4538
0.494246 13.5143
0.500423 13.5851
0.494131 13.6457
0.492381 13.7163
0.492434 13.7872
0.49413 13.8479
0.490845 13.9186
0.490739 13.9893
0.494221 14.0498
0.500065 14.1203
0.498879 14.1809
0.5004 14.2515
0.496931 14.3121
0.496277 14.3828
0.498104 14.4535
0.500191 14.514
0.497843 14.5848
0.498323 14.6554
0.498989 14.716
0.499812 14.7867
0.497843 14.8572
0.490236 14.9179
0.492253 14.9886
0.491348 15.049
0.495043 15.1198
0.494351 15.1803
0.496391 15.251
0.503429 15.3218
0.5016 15.3825
0.500994 15.4532
0.504384 15.5238
0.500389 15.5845
0.496612 15.655
0.500412 15.7156
0.495462 15.7862
0.496413 15.8568
0.493972 15.9174
0.492533 15.988
0.496532 16.0485
0.49662 16.1192
0.497474 16.1797
0.49516 16.25
0.492806 16.3205
0.494265 16.381
0.495866 16.4516
0.49466 16.5222
0.496491 16.5928
0.493146 16.6533
0.495412 16.7239
0.49479 16.7846
0.496546 16.8551
0.49245 16.9157
0.496575 16.9863
0.495353 17.057
0.489715 17.1177
0.494401 17.1881
0.493276 17.2487
