0.0994545 0.30343
0.100344 0.36408
0.101281 0.434788
0.101572 0.505335
0.101373 0.565906
0.100506 0.636517
0.0990395 0.707111
0.0971475 0.767604
0.0949181 0.83817
0.0931331 0.908758
0.0921165 0.969386
0.0915444 1.04005
0.0915193 1.1008
0.0923351 1.17165
0.0930441 1.23225
0.0934114 1.30288
0.0930073 1.37355
0.0923812 1.43409
0.0917953 1.50486
0.0912577 1.57543
0.0904655 1.63604
0.0894428 1.70663
0.0885866 1.7773
0.0880527 1.83788
0.0874754 1.90845
0.0869952 1.969
0.0870811 2.03964
0.0877705 2.10028
0.0890052 2.17087
0.0902917 2.24148
0.0913598 2.30205
0.0926745 2.37261
0.0934146 2.44315
0.0935014 2.50382
0.0929837 2.57453
0.0925077 2.64512
0.0924389 2.70576
0.0925415 2.77638
0.0925268 2.83695
0.0924377 2.90749
0.0923377 2.96814
0.0928344 3.03861
0.0936804 3.10923
0.0944933 3.16973
0.0948755 3.24052
0.0947201 3.30101
0.0943078 3.37168
0.0940239 3.44235
0.0937395 3.513
0.0934516 3.57351
0.0924306 3.64405
0.0912657 3.70466
0.0897336 3.77517
0.088827 3.83572
0.0884804 3.90651
0.0886518 3.97708
0.0893072 4.03766
0.0904763 4.10825
0.0915721 4.16877
0.0926727 4.23946
0.0929596 4.30997
0.0926944 4.37062
0.0915712 4.44143
0.0902391 4.5121
0.0893775 4.57269
0.0891837 4.64341
0.0897498 4.70406
0.0908502 4.77472
0.0921611 4.84518
0.0928309 4.90594
0.0929906 4.97664
0.0927809 5.0372
0.0923058 5.10787
0.091692 5.17858
0.0912563 5.23907
0.0909808 5.30965
0.0907184 5.38035
0.0904206 5.44095
0.0902136 5.51154
0.0905723 5.57212
0.091368 5.64288
0.0919238 5.71361
0.0921808 5.7743
0.0923251 5.84488
0.0925238 5.90542
0.0927494 5.97618
0.0929544 6.04674
0.0929571 6.10728
0.092392 6.17802
0.0917094 6.24867
0.0906982 6.30916
0.0890034 6.37982
0.0874002 6.4403
0.0854808 6.51082
0.0843134 6.58157
0.0838442 6.64218
0.0839647 6.7128
0.0846138 6.77331
0.0860337 6.84395
0.0878269 6.90456
0.0898605 6.9752
0.0915776 7.04587
0.0925664 7.10652
0.093143 7.17717
0.0929975 7.24785
0.0922307 7.3085
0.091383 7.37923
0.0906987 7.43984
0.0898638 7.51046
0.0890019 7.58103
0.0884276 7.64164
0.0881287 7.71234
0.0884783 7.7728
0.0894342 7.84347
0.0910948 7.91414
0.0924596 7.97462
0.0936452 8.04509
0.0941616 8.11581
0.0940898 8.17623
0.0934414 8.24669
0.092497 8.31722
0.0918076 8.37761
0.0916276 8.44805
0.0919634 8.50855
0.0922886 8.57898
0.0921193 8.63957
0.0916437 8.71031
0.0911314 8.78084
0.0910571 8.84136
0.0910221 8.91186
0.0911668 8.98248
0.0914193 9.04293
0.0916874 9.11352
0.0917146 9.18414
0.0915182 9.24466
0.0912709 9.31528
0.0913077 9.38613
0.0914275 9.44686
0.0915322 9.51732
0.0916954 9.57793
0.0919763 9.64866
0.0921396 9.7093
0.0919214 9.78001
0.0916103 9.84067
0.091324 9.91133
0.0911197 9.98214
0.0908758 10.0527
0.0905917 10.1134
0.0900957 10.184
0.0895306 10.2447
0.0887724 10.3154
0.0882758 10.3861
0.0884839 10.4467
0.0891422 10.5174
0.0898838 10.6489
0.0900018 10.7096
0.0903879 10.7802
0.0909372 10.8509
0.0913532 10.9116
0.0920296 10.9821
0.0921877 11.0528
0.0917103 11.1133
0.0903027 11.1839
0.088845 11.2445
0.0875872 11.3152
0.0869627 11.3758
0.0867969 11.4464
0.08728 11.5169
0.0881967 11.5775
0.089772 11.6482
0.0916755 11.7188
0.0931848 11.7794
0.0943974 11.8501
0.0948376 11.9208
0.0948298 11.9813
0.0944979 12.052
0.0941014 12.1127
0.0937885 12.1834
0.0937827 12.2439
0.0938935 12.3146
0.0939189 12.3854
0.0938443 12.4458
0.0938583 12.5163
0.094018 12.5767
0.0936626 12.6472
0.0926394 12.7178
0.0913263 12.7883
0.0905385 12.8487
0.0902182 12.9192
0.0904507 12.9797
0.0912218 13.0501
0.092253 13.1207
0.0929546 13.1813
0.0931497 13.2519
0.0929075 13.3125
0.0925679 13.3831
0.0922252 13.4538
0.0919242 13.5143
0.0914448 13.5851
0.0912798 13.6457
0.0916036 13.7163
0.0917959 13.7872
0.0921053 13.8479
0.0917389 13.9186
0.0913735 13.9893
0.091297 14.0498
0.0917706 14.1203
0.0923244 14.1809
0.0929419 14.2515
0.0934654 14.3121
0.0940875 14.3828
0.0946903 14.4535
0.0951781 14.514
0.095708 14.5848
0.0964149 14.6554
0.0972896 14.716
0.0982684 14.7867
0.0992785 14.8572
0.099581 14.9179
0.0993323 14.9886
0.0985782 15.049
0.0970816 15.1198
0.0953518 15.1803
0.0925541 15.251
0.0899005 15.3218
0.0879479 15.3825
0.086227 15.4532
0.0851095 15.5238
0.0846192 15.5845
0.084481 15.655
0.0849885 15.7156
0.0854603 15.7862
0.087758 15.8568
0.0891012 15.9174
0.0907442 15.988
0.0921085 16.0485
0.0931903 16.1192
0.0935947 16.1797
0.0936665 16.25
0.0937617 16.3205
0.093972 16.381
0.0942384 16.4516
0.0940368 16.5222
0.0936889 16.5928
0.0934694 16.6533
0.0936506 16.7239
0.0939825 16.7846
0.0942841 16.8551
0.0942246 16.9157
0.0939156 16.9863
0.0939 17.057
0.0939006 17.1177
0.093901 17.1881
0.0939011 17.2487
